$PARAMS
DIM            3
PRTS_DISTR     10.0
BPRTS_DISTR    5.0
DENS0          0.001
SOS            20
KERNEL         SPLINE
SMOOTH_LEN     16.0
EOS            DESBRUN
VISC_ALPHA     0.05
VISC_BETA      0.0
TIME_STEP      0.2
CLIP_VOL       500.0
$END

$CLOUDS
100.0 280.0 225.0   50.0 0.0 0.0   0.0 70.0 0.0   0.0 0.0 50.0   0.0 0.0 0.0
$END

$OBSTACLES
# The gutter
172.0991363525391 261.4024658203125 271.7406616210938   176.3696746826172 270.4078063964844 278.0247802734375   131.7987365722656 284.8005676269531 282.6955871582031
172.0991363525391 261.4024658203125 271.7406616210938   131.7987365722656 284.8005676269531 282.6955871582031   126.8164367675781 274.2943420410156 275.3641052246094
176.3696746826172 270.4078063964844 278.0247802734375   180.9568786621094 280.0809020996094 280                 137.1504821777344 296.0858459472656 285
176.3696746826172 270.4078063964844 278.0247802734375   137.1504821777344 296.0858459472656 285                 131.7987365722656 284.8005676269531 282.6955871582031
176.3696746826172 270.4078063964844 278.0247802734375   172.0991363525391 261.4024658203125 271.7406616210938   262.6645202636719 235.6186981201172 264.4937744140625
268.5696716308594 248.0709838867188 270                 180.9568786621094 280.0809020996094 280                 176.3696746826172 270.4078063964844 278.0247802734375
262.6645202636719 235.6186981201172 264.4937744140625   268.5696716308594 248.0709838867188 270                 176.3696746826172 270.4078063964844 278.0247802734375
168.1023559570313 252.9744110107422 250                 169.0629730224609 255.0000762939453 261.3792419433594   123.2742538452148 266.8248901367188 263.2757873535156
168.1023559570313 252.9744110107422 250                 123.2742538452148 266.8248901367188 263.2757873535156   122.1535415649414 264.4616088867188 250
169.0629730224609 255.0000762939453 261.3792419433594   172.0991363525391 261.4024658203125 271.7406616210938   126.8164367675781 274.2943420410156 275.3641052246094
169.0629730224609 255.0000762939453 261.3792419433594   126.8164367675781 274.2943420410156 275.3641052246094   123.2742538452148 266.8248901367188 263.2757873535156
169.0629730224609 255.0000762939453 261.3792419433594   168.1023559570313 252.9744110107422 250                 260 230 250
262.6645202636719 235.6186981201172 264.4937744140625   172.0991363525391 261.4024658203125 271.7406616210938   169.0629730224609 255.0000762939453 261.3792419433594
260 230 250                                             262.6645202636719 235.6186981201172 264.4937744140625   169.0629730224609 255.0000762939453 261.3792419433594
171.641357421875 260.4371337890625 229.3276977539063    168.9486999511719 254.7591094970703 239.2943420410156   123.1409454345703 266.5437622070313 237.5100555419922
171.641357421875 260.4371337890625 229.3276977539063    123.1409454345703 266.5437622070313 237.5100555419922   126.2823638916016 273.1681213378906 225.88232421875
168.9486999511719 254.7591094970703 239.2943420410156   168.1023559570313 252.9744110107422 250                 122.1535415649414 264.4616088867188 250
168.9486999511719 254.7591094970703 239.2943420410156   122.1535415649414 264.4616088867188 250                 123.1409454345703 266.5437622070313 237.5100555419922
168.9486999511719 254.7591094970703 239.2943420410156   171.641357421875 260.4371337890625 229.3276977539063    262.3593444824219 234.9751434326172 236.2184753417969
260 230 250                                             168.1023559570313 252.9744110107422 250                 168.9486999511719 254.7591094970703 239.2943420410156
262.3593444824219 234.9751434326172 236.2184753417969   260 230 250                                             168.9486999511719 254.7591094970703 239.2943420410156
180.9568786621094 280.0809020996094 220                 176.0810546875 269.7991638183594 222.2418975830078      131.4620056152344 284.0905151367188 217.6155395507813
180.9568786621094 280.0809020996094 220                 131.4620056152344 284.0905151367188 217.6155395507813   137.1504821777344 296.0858459472656 215
176.0810546875 269.7991638183594 222.2418975830078      171.641357421875 260.4371337890625 229.3276977539063    126.2823638916016 273.1681213378906 225.88232421875
176.0810546875 269.7991638183594 222.2418975830078      126.2823638916016 273.1681213378906 225.88232421875     131.4620056152344 284.0905151367188 217.6155395507813
176.0810546875 269.7991638183594 222.2418975830078      180.9568786621094 280.0809020996094 220                 268.5696716308594 248.0709838867188 230
262.3593444824219 234.9751434326172 236.2184753417969   171.641357421875 260.4371337890625 229.3276977539063    176.0810546875 269.7991638183594 222.2418975830078
268.5696716308594 248.0709838867188 230                 262.3593444824219 234.9751434326172 236.2184753417969   176.0810546875 269.7991638183594 222.2418975830078
93.34407806396484 312.0907897949219 290                 87.03517150878906 298.7871398925781 287.1915283203125   131.7987365722656 284.8005676269531 282.6955871582031
87.03517150878906 298.7871398925781 287.1915283203125   81.22472381591797 286.5345458984375 278.2842712402344   126.8164367675781 274.2943420410156 275.3641052246094
81.22472381591797 286.5345458984375 278.2842712402344   77.40810394287109 278.4864196777344 264.7237854003906   123.2742538452148 266.8248901367188 263.2757873535156
77.40810394287109 278.4864196777344 264.7237854003906   76.20471954345703 275.9488220214844 250                 122.1535415649414 264.4616088867188 250
76.20471954345703 275.9488220214844 250                 77.40810394287109 278.4864196777344 235.2762145996094   123.1409454345703 266.5437622070313 237.5100555419922
77.40810394287109 278.4864196777344 235.2762145996094   81.22472381591797 286.5345458984375 221.7157287597656   126.2823638916016 273.1681213378906 225.88232421875
81.22472381591797 286.5345458984375 221.7157287597656   87.03517150878906 298.7871398925781 212.8084716796875   131.4620056152344 284.0905151367188 217.6155395507813
87.03517150878906 298.7871398925781 212.8084716796875   93.34407806396484 312.0907897949219 210                 137.1504821777344 296.0858459472656 215
137.1504821777344 296.0858459472656 285                 93.34407806396484 312.0907897949219 290                 131.7987365722656 284.8005676269531 282.6955871582031
126.8164367675781 274.2943420410156 275.3641052246094   131.7987365722656 284.8005676269531 282.6955871582031   87.03517150878906 298.7871398925781 287.1915283203125
122.1535415649414 264.4616088867188 250                 123.2742538452148 266.8248901367188 263.2757873535156   77.40810394287109 278.4864196777344 264.7237854003906
123.2742538452148 266.8248901367188 263.2757873535156   126.8164367675781 274.2943420410156 275.3641052246094   81.22472381591797 286.5345458984375 278.2842712402344
126.2823638916016 273.1681213378906 225.88232421875     123.1409454345703 266.5437622070313 237.5100555419922   77.40810394287109 278.4864196777344 235.2762145996094
123.1409454345703 266.5437622070313 237.5100555419922   122.1535415649414 264.4616088867188 250                 76.20471954345703 275.9488220214844 250
137.1504821777344 296.0858459472656 215                 131.4620056152344 284.0905151367188 217.6155395507813   87.03517150878906 298.7871398925781 212.8084716796875
131.4620056152344 284.0905151367188 217.6155395507813   126.2823638916016 273.1681213378906 225.88232421875     81.22472381591797 286.5345458984375 221.7157287597656
87.03517150878906 298.7871398925781 287.1915283203125   93.34407806396484 312.0907897949219 270.7122497558594   81.22472381591797 286.5345458984375 278.2842712402344
81.22472381591797 286.5345458984375 278.2842712402344   93.34407806396484 312.0907897949219 270.7122497558594   77.40810394287109 278.4864196777344 264.7237854003906
77.40810394287109 278.4864196777344 264.7237854003906   93.34407806396484 312.0907897949219 250                 76.20471954345703 275.9488220214844 250
76.20471954345703 275.9488220214844 250                 93.34407806396484 312.0907897949219 250                 77.40810394287109 278.4864196777344 235.2762145996094
77.40810394287109 278.4864196777344 235.2762145996094   93.34407806396484 312.0907897949219 230.7122344970703   81.22472381591797 286.5345458984375 221.7157287597656
81.22472381591797 286.5345458984375 221.7157287597656   93.34407806396484 312.0907897949219 230.7122344970703   87.03517150878906 298.7871398925781 212.8084716796875
93.34407806396484 312.0907897949219 210                 87.03517150878906 298.7871398925781 212.8084716796875   93.34407806396484 312.0907897949219 230.7122344970703
93.34407806396484 312.0907897949219 230.7122344970703   77.40810394287109 278.4864196777344 235.2762145996094   93.34407806396484 312.0907897949219 250
93.34407806396484 312.0907897949219 250                 77.40810394287109 278.4864196777344 264.7237854003906   93.34407806396484 312.0907897949219 270.7122497558594
93.34407806396484 312.0907897949219 270.7122497558594   87.03517150878906 298.7871398925781 287.1915283203125   93.34407806396484 312.0907897949219 290
# The container
300 150 250                                             277.5 150 250                                           284.7323303222656 150 266.1599426269531
300 150 250                                             284.7323303222656 150 266.1599426269531                 300 150 272
300 150 250                                             300 150 272                                             315.5042114257813 150 265.9431457519531
300 150 250                                             315.5042114257813 150 265.9431457519531                 322.5 150 250
300 150 250                                             322.5 150 250                                           315.2676696777344 150 233.8400726318359
300 150 250                                             315.2676696777344 150 233.8400726318359                 300 150 228
300 150 250                                             300 150 228                                             284.4957885742188 150 234.0568542480469
300 150 250                                             284.4957885742188 150 234.0568542480469                 277.5 150 250
255 150 250                                             258.1595153808594 150 266.1961669921875                 277.5 150 250
258.1595153808594 150 266.1961669921875                 268.1802062988281 150 281.1127014160156                 284.7323303222656 150 266.1599426269531
268.1802062988281 150 281.1127014160156                 283.4357299804688 150 290.9106750488281                 284.7323303222656 150 266.1599426269531
283.4357299804688 150 290.9106750488281                 300 150 294                                             300 150 272
300 150 294                                             316.5642700195313 150 290.9106750488281                 300 150 272
316.5642700195313 150 290.9106750488281                 331.8197937011719 150 281.1127014160156                 315.5042114257813 150 265.9431457519531
331.8197937011719 150 281.1127014160156                 341.8404846191406 150 266.1961669921875                 315.5042114257813 150 265.9431457519531
341.8404846191406 150 266.1961669921875                 345 150 250                                             322.5 150 250
345 150 250                                             341.8404846191406 150 233.8038330078125                 322.5 150 250
341.8404846191406 150 233.8038330078125                 331.8197937011719 150 218.8872985839844                 315.2676696777344 150 233.8400726318359
331.8197937011719 150 218.8872985839844                 316.5642700195313 150 209.0893096923828                 315.2676696777344 150 233.8400726318359
316.5642700195313 150 209.0893096923828                 300 150 206                                             300 150 228
300 150 206                                             283.4357299804688 150 209.0893096923828                 300 150 228
283.4357299804688 150 209.0893096923828                 268.1802062988281 150 218.8872985839844                 284.4957885742188 150 234.0568542480469
268.1802062988281 150 218.8872985839844                 258.1595153808594 150 233.8038330078125                 284.4957885742188 150 234.0568542480469
258.1595153808594 150 233.8038330078125                 255 150 250                                             277.5 150 250
284.7323303222656 150 266.1599426269531                 277.5 150 250                                           258.1595153808594 150 266.1961669921875
300 150 272                                             284.7323303222656 150 266.1599426269531                 283.4357299804688 150 290.9106750488281
315.5042114257813 150 265.9431457519531                 300 150 272                                             316.5642700195313 150 290.9106750488281
322.5 150 250                                           315.5042114257813 150 265.9431457519531                 341.8404846191406 150 266.1961669921875
315.2676696777344 150 233.8400726318359                 322.5 150 250                                           341.8404846191406 150 233.8038330078125
300 150 228                                             315.2676696777344 150 233.8400726318359                 316.5642700195313 150 209.0893096923828
284.4957885742188 150 234.0568542480469                 300 150 228                                             283.4357299804688 150 209.0893096923828
277.5 150 250                                           284.4957885742188 150 234.0568542480469                 258.1595153808594 150 233.8038330078125
258.4821472167969 187.5 266.9713745117188               255 187.5 250                                           255 225 250
258.4821472167969 187.5 266.9713745117188               255 225 250                                             258.4821472167969 225 266.9713745117188
269.4646606445313 187.5 282.3198547363281               258.4821472167969 187.5 266.9713745117188               258.4821472167969 225 266.9713745117188
269.4646606445313 187.5 282.3198547363281               258.4821472167969 225 266.9713745117188                 269.4646606445313 225 282.3198547363281
284.2314147949219 187.5 291.210205078125                269.4646606445313 187.5 282.3198547363281               269.4646606445313 225 282.3198547363281
284.2314147949219 187.5 291.210205078125                269.4646606445313 225 282.3198547363281                 284.2314147949219 225 291.210205078125
300 187.5 294 284.2314147949219                         187.5 291.210205078125                                  284.2314147949219 225 291.210205078125
300 187.5 294                                           284.2314147949219 225 291.210205078125                  300 225 294
316.0585021972656 187.5 291.10302734375                 300 187.5 294                                           300 225 294
316.0585021972656 187.5 291.10302734375                 300 225 294                                             316.0585021972656 225 291.10302734375
331.0084533691406 187.5 281.8862915039063               316.0585021972656 187.5 291.10302734375                 316.0585021972656 225 291.10302734375
331.0084533691406 187.5 281.8862915039063               316.0585021972656 225 291.10302734375                   331.0084533691406 225 281.8862915039063
341.6371765136719 187.5 266.6895751953125               331.0084533691406 187.5 281.8862915039063               331.0084533691406 225 281.8862915039063
341.6371765136719 187.5 266.6895751953125               331.0084533691406 225 281.8862915039063                 341.6371765136719 225 266.6895751953125
345 187.5 250                                           341.6371765136719 187.5 266.6895751953125               341.6371765136719 225 266.6895751953125
345 187.5 250                                           341.6371765136719 225 266.6895751953125                 345 225 250
341.5178527832031 187.5 233.0286102294922               345 187.5 250                                           345 225 250
341.5178527832031 187.5 233.0286102294922               345 225 250                                             341.5178527832031 225 233.0286102294922
330.5353393554688 187.5 217.6801452636719               341.5178527832031 187.5 233.0286102294922               341.5178527832031 225 233.0286102294922
330.5353393554688 187.5 217.6801452636719               341.5178527832031 225 233.0286102294922                 330.5353393554688 225 217.6801452636719
315.7685852050781 187.5 208.7898101806641               330.5353393554688 187.5 217.6801452636719               330.5353393554688 225 217.6801452636719
315.7685852050781 187.5 208.7898101806641               330.5353393554688 225 217.6801452636719                 315.7685852050781 225 208.7898101806641
300 187.5 206                                           315.7685852050781 187.5 208.7898101806641               315.7685852050781 225 208.7898101806641
300 187.5 206                                           315.7685852050781 225 208.7898101806641                 300 225 206
283.9414978027344 187.5 208.89697265625                 300 187.5 206                                           300 225 206
283.9414978027344 187.5 208.89697265625                 300 225 206                                             283.9414978027344 225 208.89697265625
268.9915466308594 187.5 218.1137084960938               283.9414978027344 187.5 208.89697265625                 283.9414978027344 225 208.89697265625
268.9915466308594 187.5 218.1137084960938               283.9414978027344 225 208.89697265625                   268.9915466308594 225 218.1137084960938
258.3628234863281 187.5 233.3104248046875               268.9915466308594 187.5 218.1137084960938               268.9915466308594 225 218.1137084960938
258.3628234863281 187.5 233.3104248046875               268.9915466308594 225 218.1137084960938                 258.3628234863281 225 233.3104248046875
255 187.5 250                                           258.3628234863281 187.5 233.3104248046875               258.3628234863281 225 233.3104248046875
255 187.5 250                                           258.3628234863281 225 233.3104248046875                 255 225 250
255 150 250                                             258.1595153808594 150 233.8038330078125                 255 187.5 250
258.1595153808594 150 233.8038330078125                 268.1802062988281 150 218.8872985839844                 258.3628234863281 187.5 233.3104248046875
268.1802062988281 150 218.8872985839844                 283.4357299804688 150 209.0893096923828                 268.9915466308594 187.5 218.1137084960938
283.4357299804688 150 209.0893096923828                 300 150 206                                             283.9414978027344 187.5 208.89697265625
300 150 206                                             316.5642700195313 150 209.0893096923828                 315.7685852050781 187.5 208.7898101806641
316.5642700195313 150 209.0893096923828                 331.8197937011719 150 218.8872985839844                 330.5353393554688 187.5 217.6801452636719
331.8197937011719 150 218.8872985839844                 341.8404846191406 150 233.8038330078125                 341.5178527832031 187.5 233.0286102294922
341.8404846191406 150 233.8038330078125                 345 150 250                                             345 187.5 250
345 150 250                                             341.8404846191406 150 266.1961669921875                 345 187.5 250
341.8404846191406 150 266.1961669921875                 331.8197937011719 150 281.1127014160156                 341.6371765136719 187.5 266.6895751953125
331.8197937011719 150 281.1127014160156                 316.5642700195313 150 290.9106750488281                 331.0084533691406 187.5 281.8862915039063
316.5642700195313 150 290.9106750488281                 300 150 294                                             316.0585021972656 187.5 291.10302734375
300 150 294                                             283.4357299804688 150 290.9106750488281                 284.2314147949219 187.5 291.210205078125
283.4357299804688 150 290.9106750488281                 268.1802062988281 150 281.1127014160156                 269.4646606445313 187.5 282.3198547363281
268.1802062988281 150 281.1127014160156                 258.1595153808594 150 266.1961669921875                 258.4821472167969 187.5 266.9713745117188
258.1595153808594 150 266.1961669921875                 255 150 250                                             255 187.5 250
255 187.5 250                                           258.4821472167969 187.5 266.9713745117188               258.1595153808594 150 266.1961669921875
258.4821472167969 187.5 266.9713745117188               269.4646606445313 187.5 282.3198547363281               268.1802062988281 150 281.1127014160156
269.4646606445313 187.5 282.3198547363281               284.2314147949219 187.5 291.210205078125                283.4357299804688 150 290.9106750488281
284.2314147949219 187.5 291.210205078125                300 187.5 294                                           300 150 294
300 187.5 294                                           316.0585021972656 187.5 291.10302734375                 300 150 294
316.0585021972656 187.5 291.10302734375                 331.0084533691406 187.5 281.8862915039063               316.5642700195313 150 290.9106750488281
331.0084533691406 187.5 281.8862915039063               341.6371765136719 187.5 266.6895751953125               331.8197937011719 150 281.1127014160156
341.6371765136719 187.5 266.6895751953125               345 187.5 250                                           341.8404846191406 150 266.1961669921875
345 187.5 250                                           341.5178527832031 187.5 233.0286102294922               341.8404846191406 150 233.8038330078125
341.5178527832031 187.5 233.0286102294922               330.5353393554688 187.5 217.6801452636719               331.8197937011719 150 218.8872985839844
330.5353393554688 187.5 217.6801452636719               315.7685852050781 187.5 208.7898101806641               316.5642700195313 150 209.0893096923828
315.7685852050781 187.5 208.7898101806641               300 187.5 206                                           300 150 206
300 187.5 206                                           283.9414978027344 187.5 208.89697265625                 300 150 206
283.9414978027344 187.5 208.89697265625                 268.9915466308594 187.5 218.1137084960938               283.4357299804688 150 209.0893096923828
268.9915466308594 187.5 218.1137084960938               258.3628234863281 187.5 233.3104248046875               268.1802062988281 150 218.8872985839844
258.3628234863281 187.5 233.3104248046875               255 187.5 250                                           258.1595153808594 150 233.8038330078125
$END
